world: 6a0c7d6e-305d-4cba-9dc8-b3019d1894a4
world-name: world
x: 169.13480671961082
y: 63.0
z: -105.50700711489864
yaw: 3.26513671875
pitch: 32.24966049194336
name: spawn
lastowner: fa9e6abc-6e4a-352b-b5da-32290d78f2d4
